1607254413,23.4,23.0,1000.49,106.10578906569616,2738.725726649915,5,16.8
1607254445,23.4,23.0,1000.51,106.3581158257746,2738.725726649915,5,16.8
1607254488,23.4,23.0,1000.52,106.02168150696347,2738.725726649915,5,16.8
1607254499,23.4,23.0,1000.57,106.10578906569616,2738.725726649915,5,16.8
1607254501,23.4,23.0,1000.6,106.10578906569616,2738.725726649915,5,16.8
1607254510,23.4,23.0,1000.55,106.52633706918363,2738.725726649915,5,16.8
1608217248,21.6,21.0,1006.84,53.41973888290714,2854.9699494754163,5,16.8
1608217597,21.7,21.0,1006.79,53.754475753949826,2857.0735614322844,5,16.8
1608218324,22.1,21.0,1006.92,53.503422091178614,2865.4950444117308,5,16.8
1608218361,22.1,22.0,1006.84,52.41559287224995,2787.5491392676213,5,16.8
1608218476,22.2,22.0,1006.95,52.3319184117078,2789.6015766699356,5,16.8
1608218953,22.6,22.0,1007.07,52.41559287224995,2797.8182033563266,5,16.8
1608219559,23.1,22.0,1007.1,50.90955551368168,2808.1044549314306,16,0.0
1608219805,23.1,23.0,1007.1,51.076882234889574,2732.704245675639,10,17.7
1608220078,23.3,23.0,1007.17,50.993218537971735,2736.717894274523,10,0.0
1608220425,23.4,23.0,1007.15,50.240275532361814,2738.725726649915,4,0.0
1608220915,23.5,23.0,1007.19,50.574910142513815,2740.734230987929,6,0.0
1608221715,25.3,23.0,1007.2,50.240275532361814,2777.002139485116,12,0.0
1608221914,19.6,18.0,1008.67,37.69923841679745,3063.934260218827,2,11.0
1608222002,19.8,18.0,1008.67,38.61840122264606,3068.4678440714706,2,0.0
1608278270,18.1,18.0,997.62,131.62178401998622,3030.0286490193052,2,0.0
1608278273,18.2,18.0,997.57,131.3688430024758,3032.2837346227,8,0.0
1608278258,17.5,18.0,997.5,131.3688430024758,3016.5140134054654,4,10.1
1608278270,16.4,18.0,997.5,131.03159789325233,2991.807924435824,0,0.0
1608278270,18.3,18.0,986.72,222.488007513743,3034.539576093382,16,0.0
1608278270,18.1,18.0,986.95,221.55243083958194,3030.0286490193052,16,0.0
1608278271,18.1,18.0,987.12,219.4264341859136,3030.0286490193052,16,0.0
1609321319,18.1,18.0,987.21,219.34140338794512,3030.0286490193052,16,0.0
1609321554,18.3,18.0,987.31,217.98100546316664,3034.539576093382,16,0.0
1609322522,18.3,18.0,987.39,217.30087343836195,3034.539576093382,16,0.0
1609323948,18.9,18.0,987.33,217.4709022615256,3048.0904933394995,16,0.0
1609323928,18.2,18.0,987.28,218.06602510367796,3032.2837346227,3,2.2
1609325080,18.3,18.0,987.39,217.04583543205865,3034.539576093382,6,0.0
1609325355,18.3,0.0,987.45,216.70579451622274,0,6,0.0
1609325687,18.3,18.0,987.57,215.7707395010643,3034.539576093382,6,0.0
1609326017,18.3,18.0,987.51,216.45077114831446,3034.539576093382,14,0.0
1609326789,18.4,18.0,987.57,216.45077114831446,3036.79617334578,14,0.0
1609326912,18.3,18.0,987.55,216.79080369958876,3034.539576093382,14,11.2
1609327515,18.5,19.0,985.9,229.2096311857167,2952.2316603786653,14,0.0
1609419914,19.0,19.0,995.3,150.10313675242688,2963.2229544436673,12,11.1
1609580667,19.2,19.0,995.35,149.59635985497835,2967.624639430511,12,0.0
1609581260,19.4,19.0,995.3,149.59635985497835,2972.029276221161,12,0.0
1609584894,19.4,19.0,995.32,150.3565344769849,2972.029276221161,8,0.0
1609585381,14.8,19.0,994.96,152.5529071810781,2871.4705877148035,12,0.0
1609585981,17.6,15.0,994.83,155.00325577528776,3305.8548463043435,12,21.2
1609586556,18.9,18.0,993.92,161.76583799989697,3048.0904933394995,6,0.0
1609612383,18.9,18.0,993.89,161.76583799989697,3048.0904933394995,6,0.0
1609612957,18.8,18.0,993.89,162.69603767531402,3045.830118461607,6,0.0
1609613558,18.7,18.0,993.82,163.28802632779235,3043.570498937777,6,0.0
1609614159,18.2,18.0,993.4,166.6714664781817,3032.2837346227,12,0.0
1609657383,18.1,18.0,993.27,167.3482868793721,3030.0286490193052,12,0.0
1609657956,18.1,18.0,993.42,166.6714664781817,3030.0286490193052,0,0.0
1609658558,18.0,18.0,993.56,165.65631862240926,3027.7743193687784,6,0.0
1609659158,18.0,18.0,993.63,163.37259889144633,3027.7743193687784,6,0.0
1609659780,18.0,18.0,993.69,164.21836242930752,3027.7743193687784,8,0.0
1609660359,18.0,18.0,993.78,163.45717214417613,3027.7743193687784,8,0.0
1609660958,18.0,18.0,993.8,162.94974296369355,3027.7743193687784,2,0.0
1609661556,18.0,18.0,993.75,163.71089603696328,3027.7743193687784,2,0.0
1609662157,18.0,18.0,993.74,162.4423385877261,3027.7743193687784,2,0.0
1609662243,18.0,18.0,993.84,162.86517384523663,3027.7743193687784,2,0.0
1609663400,18.0,18.0,993.8,162.18864570059029,3027.7743193687784,2,0.0
1609663960,18.0,18.0,994.0,162.27320930738554,3027.7743193687784,14,0.0
1609664625,18.0,18.0,994.03,161.2584914906042,3027.7743193687784,10,0.0
1609665159,18.0,18.0,994.12,160.24387285577845,3027.7743193687784,2,0.0
1609665758,18.0,18.0,994.09,160.24387285577845,3027.7743193687784,2,0.0
1609666358,18.0,18.0,994.24,159.14481456699872,3027.7743193687784,6,0.0
1609666981,18.0,18.0,994.36,158.63759613858443,3027.7743193687784,2,0.0
1609667557,18.0,18.0,994.21,158.7221308223113,3027.7743193687784,2,0.0
1609668181,17.9,18.0,994.3,159.14481456699872,3025.520745756716,2,0.0
1609668757,18.0,18.0,994.33,159.14481456699872,3027.7743193687784,2,0.0
1609669354,18.1,18.0,994.27,159.48297395478008,3030.0286490193052,12,0.0
1609669956,18.2,18.0,994.3,159.5675155229459,3032.2837346227,12,0.0
1609670024,18.3,18.0,994.08,160.6666185683155,3034.539576093382,12,0.0
1609671180,18.3,18.0,993.93,161.85039816230724,3034.539576093382,12,0.0
1609671757,18.4,18.0,993.87,162.18864570059029,3036.79617334578,12,0.0
1609672379,18.4,18.0,993.91,163.11888326766265,3036.79617334578,12,0.0
1609672980,18.2,18.0,993.84,162.94974296369355,3032.2837346227,12,0.0
1609673580,18.4,18.0,993.76,163.54174608600147,3036.79617334578,12,0.0
1609674155,18.4,18.0,993.69,164.04920420851542,3036.79617334578,12,0.0
1609674762,18.4,18.0,993.82,164.5566871414258,3036.79617334578,12,0.0
1609675385,18.4,18.0,993.75,163.6263207169223,3036.79617334578,10,0.0
1609675959,18.5,18.0,993.82,163.79547204612928,3039.0535262943395,8,0.0
1609676559,18.5,18.0,993.7,163.79547204612928,3039.0535262943395,8,0.0
1609677157,18.4,18.0,993.76,163.37259889144633,3036.79617334578,8,0.0
1609677755,18.3,18.0,993.83,162.61147062382372,3034.539576093382,8,0.0
1609678356,18.3,18.0,993.78,163.45717214417613,3034.539576093382,8,0.0
1609678958,15.7,18.0,993.72,162.94974296369355,2976.133577431208,4,0.0
1609679556,17.6,16.0,993.8,162.7806054157817,3204.89834589487,3,0.0
1609680155,18.1,17.0,993.83,162.86517384523663,3120.983967873338,4,0.0
1609680783,18.2,18.0,993.93,161.6812785263214,3032.2837346227,4,0.0
1609681385,18.2,18.0,993.98,161.85039816230724,3032.2837346227,4,0.0
1609681983,18.2,18.0,993.96,161.85039816230724,3032.2837346227,4,0.0
1609682558,18.2,18.0,994.04,160.83572167397216,3032.2837346227,4,0.0
1609683180,18.1,18.0,994.11,159.90568868085523,3030.0286490193052,3,0.0
1609683781,18.1,18.0,994.07,160.92027425984577,3030.0286490193052,4,0.0
1609684359,18.0,18.0,994.19,159.90568868085523,3027.7743193687784,3,0.0
1609684958,18.0,18.0,994.15,160.24387285577845,3027.7743193687784,4,0.0
1609685580,18.0,18.0,994.33,159.22935338123835,3027.7743193687784,4,0.0
1609686158,18.0,18.0,994.3,158.7221308223113,3027.7743193687784,4,0.0
1609686758,18.0,18.0,994.21,160.15932577915984,3027.7743193687784,3,0.0
1609687356,17.9,18.0,994.27,159.39843307511427,3025.520745756716,3,0.0
1609687958,18.1,18.0,994.34,159.22935338123835,3030.0286490193052,4,14.7
1609688557,18.9,18.0,994.39,157.96134344923263,3048.0904933394995,3,0.0
1609689155,18.3,19.0,994.31,158.045872626308,2947.840311818376,4,0.0
1609689754,18.3,18.0,994.35,158.80666619442496,3034.539576093382,0,3.7
1609690377,19.5,18.0,994.49,157.36965848069156,3061.668600255543,6,0.0
1609690957,18.2,23.0,994.36,156.94704700617478,2635.211014364229,6,0.0
1609691555,18.4,18.0,994.53,157.2851348094654,3036.79617334578,6,0.0
1609692157,18.2,18.0,994.58,157.45418284010762,3032.2837346227,6,0.0
1609692754,18.1,18.0,994.52,156.1863897028302,3030.0286490193052,6,0.0
1609693358,18.1,18.0,994.61,156.43993594472227,3030.0286490193052,6,0.0
1609693956,18.1,18.0,994.68,156.35541984272416,3030.0286490193052,6,0.0
1609694557,18.2,18.0,994.63,155.76382639307997,3032.2837346227,6,0.0
1609695158,18.2,18.0,994.74,155.4257881284454,3032.2837346227,6,0.0
1609695758,18.2,18.0,994.67,154.41173936965146,3032.2837346227,6,0.0
1609696359,18.2,18.0,994.75,155.00325577528776,3032.2837346227,6,0.0
1609696957,18.3,18.0,994.71,155.5102966627264,3034.539576093382,6,0.0
1609697559,18.2,18.0,994.89,153.73576188504933,3032.2837346227,6,0.0
1609698155,18.3,18.0,994.84,154.66524227389564,3034.539576093382,6,0.0
1609698757,18.3,18.0,994.84,153.48228167487605,3034.539576093382,0,0.0
1609699356,18.3,18.0,994.89,153.65126779402607,3034.539576093382,0,0.0
1609699982,18.3,18.0,994.9,153.90475213005627,3034.539576093382,0,0.0
1609700581,18.0,18.0,995.34,150.52546972907984,3027.7743193687784,4,19.1
1609743761,18.0,18.0,995.34,150.1876019734811,3027.7743193687784,4,0.0
1609744357,17.8,18.0,995.41,149.3429806814185,3023.267928268727,3,0.0
1609744958,17.9,18.0,995.42,148.58288025733634,3025.520745756716,3,0.0
1609745558,18.0,18.0,995.42,149.42743971892642,3027.7743193687784,4,0.0
1609746160,18.0,18.0,995.42,149.7652827391834,3027.7743193687784,4,0.0
1609746757,17.9,18.0,995.42,149.3429806814185,3025.520745756716,4,0.0
1609747357,17.8,18.0,995.51,148.32952581371435,3023.267928268727,3,0.0
1609747957,17.9,18.0,995.54,147.82283547106556,3025.520745756716,3,0.0
1609748555,17.8,18.0,995.57,147.65394418451365,3023.267928268727,3,0.0
1609749154,17.8,17.0,995.62,147.82283547106556,3114.0308886212356,4,0.0
1609749755,17.8,18.0,995.61,148.24507570622268,3023.267928268727,3,0.0
1609750357,17.8,18.0,995.65,148.24507570622268,3023.267928268727,4,0.0
1609750962,17.8,18.0,995.56,148.49842808925644,3023.267928268727,4,0.0
1609751567,17.8,17.0,995.57,147.82283547106556,3114.0308886212356,4,0.0
1609752161,17.8,18.0,995.71,147.14728680642864,3023.267928268727,4,0.0
1609752757,17.8,17.0,995.57,147.40061240527046,3114.0308886212356,4,0.0
1609753365,17.8,17.0,995.41,148.75178665415822,3114.0308886212356,3,0.0
1609753982,17.9,18.0,995.47,149.00515140126765,3025.520745756716,4,0.0
1609754556,17.9,18.0,995.45,149.93420837163015,3025.520745756716,4,0.0
1609755156,17.9,18.0,995.45,149.08960769084882,3025.520745756716,3,0.0
1609755754,18.0,18.0,995.42,149.7652827391834,3027.7743193687784,4,0.0
1609756419,17.9,18.0,995.24,150.2720678816622,3025.520745756716,3,0.0
1609757024,18.0,18.0,995.1,151.28571238006202,3027.7743193687784,12,25.1
1609757601,18.1,18.0,995.07,152.5529071810781,3030.0286490193052,12,0.0
1609758179,18.0,18.0,994.86,154.24274087225643,3027.7743193687784,12,0.0
1609758757,18.0,18.0,994.88,153.98924828406456,3027.7743193687784,12,0.0
1609759358,18.0,18.0,994.77,154.32723977708537,3027.7743193687784,12,0.0
1609759957,18.1,18.0,994.84,154.49623964996945,3030.0286490193052,12,0.0
1609760789,18.0,18.0,994.75,154.24274087225643,3027.7743193687784,12,0.0
1609761141,18.1,18.0,994.6,155.84833767908225,3030.0286490193052,0,0.0
1609762978,18.0,18.0,994.48,156.94704700617478,3027.7743193687784,0,0.0
1609763555,18.1,18.0,994.4,157.20061182641444,3030.0286490193052,0,0.0
1609764155,18.1,18.0,994.34,158.63759613858443,3030.0286490193052,11,0.1
1609764757,18.1,18.0,994.3,159.65205777962154,3030.0286490193052,3,0.0
1609765381,18.0,18.0,994.3,159.22935338123835,3027.7743193687784,4,0.0
1609765958,18.1,18.0,994.19,159.73660072482676,3030.0286490193052,4,0.0
1609766557,18.1,18.0,994.18,159.990233691713,3030.0286490193052,3,0.0
1609767154,18.1,18.0,994.19,160.15932577915984,3030.0286490193052,4,0.0
1609767756,18.1,18.0,994.13,159.990233691713,3030.0286490193052,4,0.0
1609768357,18.1,18.0,994.04,160.6666185683155,3030.0286490193052,4,0.0
1609768958,18.1,18.0,994.06,161.42760423851405,3030.0286490193052,4,0.0
1609769558,18.1,18.0,994.02,160.4129690748651,3030.0286490193052,4,0.0
1609770156,18.2,18.0,994.05,161.1739361498004,3032.2837346227,4,0.0
1609770757,18.3,18.0,994.11,161.1739361498004,3034.539576093382,4,0.0
1609771363,18.4,18.0,994.2,160.32842062101022,3036.79617334578,8,0.0
1609772089,18.5,63.0,994.16,159.90568868085523,881.070191481893,6,0.0
1609772559,18.6,79.0,994.11,160.07477939113966,456.1166515987489,6,0.0
1609773161,18.6,79.0,994.18,159.39843307511427,456.1166515987489,6,0.0
1609773762,18.5,79.0,994.25,159.0602764412148,455.7633761302461,6,0.0
1609774381,18.4,63.0,994.16,159.65205777962154,880.3921582450997,6,0.0
1609774981,18.3,63.0,994.16,159.31389288393862,879.7143786404665,6,0.0
1609775580,18.2,64.0,994.23,159.5675155229459,849.8860981892959,6,0.0
1609776158,18.2,64.0,994.17,159.8211443585664,849.8860981892959,6,0.0
1609776757,18.2,64.0,994.07,161.08938149774758,849.8860981892959,6,0.0
1609777382,18.1,64.0,994.1,161.59671974157555,849.2309775794959,6,0.0
1609777955,18.1,64.0,994.16,160.83572167397216,849.2309775794959,6,0.0
1609778556,18.1,64.0,994.05,160.6666185683155,849.2309775794959,6,0.0
1609779155,18.1,64.0,993.98,161.59671974157555,849.2309775794959,6,0.0
1609779756,18.1,64.0,993.89,161.6812785263214,849.2309775794959,6,0.0
1609780359,18.1,64.0,993.89,162.4423385877261,849.2309775794959,6,0.0
1609780984,18.1,63.0,994.05,162.4423385877261,878.3595803609768,6,0.0
1609781588,18.1,63.0,993.95,161.59671974157555,878.3595803609768,6,0.0
1609782161,18.1,80.0,993.92,161.85039816230724,430.43869317325925,6,0.0
1609782760,18.1,63.0,994.04,161.34304752016885,878.3595803609768,6,0.0
1609783385,18.1,63.0,994.06,160.6666185683155,878.3595803609768,6,0.0
1609783957,18.1,63.0,994.15,160.49751821735774,878.3595803609768,6,0.0
1609784564,18.1,80.0,994.09,160.92027425984577,430.43869317325925,6,0.0
1609785163,18.1,80.0,994.07,161.34304752016885,430.43869317325925,6,0.0
1609785756,18.1,63.0,994.04,161.1739361498004,878.3595803609768,6,0.0
1609786360,18.1,63.0,993.95,161.6812785263214,878.3595803609768,6,0.0
1609786959,18.1,80.0,995.04,152.0460107012398,430.43869317325925,6,0.0
1609830185,18.1,66.0,995.16,151.96153036056947,792.1540299641489,6,0.0
1609830760,18.1,66.0,995.15,151.45466275121694,792.1540299641489,6,0.0
1609831383,18.1,65.0,995.19,151.28571238006202,820.4996124713202,6,0.0
1609831958,17.9,62.0,995.22,151.45466275121694,906.4987630296133,6,0.0
1609832558,17.8,57.0,995.18,150.94781988508083,1059.7379023655428,6,0.0
1609833157,17.8,54.0,995.22,151.28571238006202,1157.9036457497064,6,0.0
1609833757,17.9,52.0,995.3,149.93420837163015,1226.9907923784888,6,0.0
1609834360,17.9,52.0,995.19,151.70809346282567,1226.9907923784888,6,0.0
1609834960,18.0,54.0,995.25,150.44100175944925,1159.6835916392454,6,0.0
1609835559,17.9,55.0,995.33,150.52546972907984,1125.5246441874385,6,0.0
1609836158,18.0,54.0,995.43,149.25852233091442,1159.6835916392454,6,0.0
1609836761,18.1,55.0,995.42,149.17406466739448,1127.2550628253114,6,0.0
1609837359,18.1,56.0,995.37,149.93420837163015,1094.4648818636995,6,0.0
1609837956,18.1,56.0,995.34,150.2720678816622,1094.4648818636995,6,0.0
1609838557,18.1,57.0,995.42,149.93420837163015,1062.185825348073,6,0.0
1609839179,18.1,57.0,995.34,149.6808209535568,1062.185825348073,6,0.0
1609839758,18.1,58.0,995.48,149.42743971892642,1030.4010938456388,6,0.0
1609840359,18.1,58.0,995.43,149.6808209535568,1030.4010938456388,6,0.0
1609840956,18.1,58.0,995.36,149.25852233091442,1030.4010938456388,6,0.0
1609841555,18.1,59.0,995.37,149.6808209535568,999.0947190271506,6,0.0
1609842156,18.1,59.0,995.3,150.1876019734811,999.0947190271506,6,0.0
1609842779,18.2,59.0,995.21,151.53913896775788,999.863582408846,6,0.0
1609843997,18.2,59.0,995.19,151.70809346282567,999.863582408846,6,0.0
1609844582,18.2,59.0,994.99,152.5529071810781,999.863582408846,10,0.0
1609845158,18.2,60.0,995.09,152.2994558476952,968.9970091581968,2,0.0
1609845756,18.1,60.0,995.04,152.97533981969704,968.25150923178,2,0.0
1609846357,18.0,60.0,995.03,152.97533981969704,967.5062872766049,2,0.0
1609846956,17.9,61.0,994.95,153.82025666372112,936.4129024867452,2,0.0
1609847556,17.9,61.0,994.86,154.24274087225643,936.4129024867452,2,0.0
1609848204,17.8,61.0,994.74,155.00325577528776,935.6912587092066,2,0.0
1609848806,17.8,60.0,994.68,156.0173623149824,966.016677320212,2,0.0
1609849402,17.7,60.0,994.63,155.93284965304318,965.2722893391086,2,0.0
1609850046,17.6,60.0,994.57,156.69348837905397,964.5281793694791,2,0.0
1609850683,17.6,60.0,994.45,156.1863897028302,964.5281793694791,2,0.0
1609851180,17.6,60.0,994.63,155.5102966627264,964.5281793694791,2,0.0
1609851780,17.5,60.0,994.57,156.27090442876343,963.7843474213822,2,0.0
1609852358,17.5,60.0,994.59,156.10187566490484,963.7843474213822,2,0.0
1609853003,17.4,60.0,994.53,156.35541984272416,963.0407935048775,2,0.0
1609853556,17.4,60.0,994.55,156.0173623149824,963.0407935048775,2,0.0
1609854157,17.4,60.0,994.61,156.0173623149824,963.0407935048775,2,0.0
1609854781,17.4,60.0,994.58,157.2851348094654,963.0407935048775,2,0.0
1609855358,17.4,60.0,994.62,155.84833767908225,963.0407935048775,2,0.0
1609855957,17.4,60.0,994.68,155.17226665295055,963.0407935048775,2,0.0
1609856556,17.4,60.0,994.85,154.1582426551548,963.0407935048775,2,0.0
1609857182,17.4,60.0,994.93,154.41173936965146,963.0407935048775,2,0.0
1609857782,17.3,78.0,994.82,154.66524227389564,475.5657562678117,2,0.0
1609858357,17.3,60.0,994.93,153.39778964671976,962.2975176300255,2,0.0
1609858960,17.3,60.0,994.9,152.89085191694977,962.2975176300255,2,0.0
1609859607,17.3,60.0,994.97,152.89085191694977,962.2975176300255,2,0.0
1609860159,17.3,78.0,994.93,153.56677439063662,475.5657562678117,2,0.0
1609860759,17.3,60.0,994.9,154.07374512576078,962.2975176300255,2,0.0
1609861358,17.3,60.0,994.91,153.82025666372112,962.2975176300255,2,0.0
1609861958,17.3,60.0,994.99,153.65126779402607,962.2975176300255,2,0.0
1609862557,17.4,60.0,994.9,152.63739233380204,963.0407935048775,2,0.0
1609863158,17.5,61.0,994.9,153.3132983061677,933.5279462870859,2,0.0
1609863755,17.4,60.0,994.97,153.1443176878075,963.0407935048775,2,0.0
1609864381,17.5,60.0,994.99,152.80636470172803,963.7843474213822,8,0.0
1609864991,15.8,71.0,995.39,149.3429806814185,644.2253841891265,14,0.0
1609864985,16.6,71.0,995.54,148.49842808925644,648.2555455019941,4,0.0
1609919613,17.0,50.0,995.64,147.48505564495335,1288.6038645518804,4,0.0
1609920156,17.2,51.0,995.55,147.48505564495335,1255.1953546427062,4,0.0
1609920758,17.4,52.0,995.67,147.14728680642864,1222.2885987963991,3,0.0
1609921381,17.4,53.0,995.79,146.3873470889895,1188.0359753862458,4,0.0
1609921959,17.4,53.0,995.84,145.37418063764784,1188.0359753862458,3,0.0
1609922559,17.4,54.0,995.91,144.95205712335297,1154.3477024120484,3,0.0
1609923158,17.4,54.0,995.97,144.69879125108028,1154.3477024120484,3,0.0
1609923757,17.5,54.0,996.02,144.10786156946105,1155.2361946556105,4,0.0
1609924354,17.5,54.0,996.08,144.10786156946105,1155.2361946556105,3,0.0
1609924956,17.5,55.0,996.23,141.82887630822634,1122.067650277299,4,0.0
1609925562,17.5,55.0,996.27,141.660082478957,1122.067650277299,4,0.0
1609926207,17.5,55.0,996.27,141.660082478957,1122.067650277299,4,0.0
1609926783,17.6,72.0,996.24,142.92610307707585,627.1655171380958,4,0.0
1609927359,17.6,55.0,996.35,142.33527425775614,1122.931418300404,3,0.0
1609927982,17.6,55.0,996.38,141.069325680587,1122.931418300404,4,0.0
1609928556,17.6,55.0,996.33,142.08207219632672,1122.931418300404,3,0.0
1609929157,17.6,55.0,996.36,142.08207219632672,1122.931418300404,4,0.0
1609929759,17.6,55.0,996.24,142.41967631681362,1122.931418300404,4,0.0
1609930382,17.7,55.0,996.14,142.8416969019801,1123.7955066354575,4,0.0
1609930984,17.7,55.0,996.09,143.68578952674366,1123.7955066354575,4,0.0
1609931557,17.6,55.0,996.05,144.192278036631,1122.931418300404,4,0.0
1609932159,17.7,56.0,996.03,143.939030693785,1091.1041764628578,4,0.0
1609932756,17.8,56.0,996.06,144.3611130296938,1091.9438853635318,4,0.0
1609933356,17.9,57.0,995.95,144.8676344795959,1060.5535736149932,4,0.0
1609933958,17.9,57.0,995.95,144.8676344795959,1060.5535736149932,3,0.0
1609934555,17.9,57.0,995.88,146.30291277558237,1060.5535736149932,3,0.0
1609935180,17.9,56.0,995.79,146.13404620840652,1092.7839059057264,3,0.0
1609935756,18.1,57.0,995.71,146.6406541486253,1062.185825348073,4,0.0
1609936358,18.2,57.0,995.66,147.48505564495335,1063.0024058076442,4,0.0
1609936959,18.2,57.0,995.68,147.56949957136447,1063.0024058076442,4,0.0
1609937559,18.2,57.0,995.65,147.48505564495335,1063.0024058076442,4,0.0
1609938160,18.2,57.0,995.74,146.97840650726246,1063.0024058076442,14,0.0
1609938785,18.2,57.0,995.8,146.04961395461316,1063.0024058076442,14,0.0
1609939360,18.2,57.0,995.97,145.12090446993457,1063.0024058076442,14,0.0
1609939957,18.2,57.0,995.89,144.7832125221733,1063.0024058076442,14,0.0
1609940559,18.2,57.0,995.94,145.03648045346424,1063.0024058076442,14,0.0
1609941183,18.2,57.0,996.07,143.60137717673905,1063.0024058076442,12,0.0
1609941758,18.2,57.0,996.1,143.3481442435805,1063.0024058076442,12,0.0
1609942420,18.4,57.0,996.13,142.25087288466403,1064.6364758527097,10,0.0
1609942960,18.4,57.0,996.16,142.50407906184137,1064.6364758527097,8,0.0
1609943580,18.5,57.0,996.36,141.57568659313011,1065.4539654141504,8,0.0
1609944158,18.5,57.0,996.31,142.41967631681362,1065.4539654141504,8,0.0
1609944758,18.6,73.0,996.39,141.99767288104707,606.0119157160998,8,0.0
1609945355,18.6,57.0,996.46,140.98493459545463,1066.2717579854948,8,0.0
1609945958,18.5,58.0,996.59,139.88791288874577,1033.5730750810164,8,0.0
1609946556,18.4,59.0,996.47,140.98493459545463,1001.402167863057,8,0.0
1609947154,18.4,59.0,996.43,141.99767288104707,1001.402167863057,8,0.0
1609947803,18.4,59.0,996.4,140.14106145910498,1001.402167863057,8,0.0
1609948383,18.4,59.0,996.45,140.39421620022904,1001.402167863057,8,0.0
1609948957,18.4,59.0,996.62,140.14106145910498,1001.402167863057,8,0.0
1609949557,18.4,59.0,996.62,139.63477048880196,1001.402167863057,8,0.0
1609950160,18.3,59.0,996.72,138.62226258653195,1000.6327320243768,8,0.0
1609950758,18.3,59.0,996.6,138.5378913835086,1000.6327320243768,8,0.0
1609951356,18.3,59.0,996.74,138.20041342532033,1000.6327320243768,8,0.0
1609951959,18.3,59.0,996.76,137.60985338412033,1000.6327320243768,8,0.0
1609952559,18.3,59.0,996.86,136.9349687384863,1000.6327320243768,8,0.0
1609953158,18.3,59.0,996.91,136.42883403161358,1000.6327320243768,8,0.0
1609953758,18.3,59.0,997.04,136.59754286006952,1000.6327320243768,8,0.0
1609954357,18.3,59.0,997.0,135.8383747117678,1000.6327320243768,8,0.0
1609954957,18.3,59.0,997.09,135.16360516058316,1000.6327320243768,8,0.0
1609955580,18.3,59.0,997.13,134.82623682312337,1000.6327320243768,8,0.0
1609956181,18.4,59.0,997.54,131.62178401998622,1001.402167863057,6,0.0
1609999360,18.3,62.0,997.39,132.88658150609078,909.2970941571012,6,0.0
1609999958,18.4,62.0,997.51,131.62178401998622,909.9973311162016,6,0.0
1610000581,18.4,62.0,997.51,131.20021907922097,909.9973311162016,6,0.0
1610001155,18.3,62.0,997.54,131.7060990612427,909.2970941571012,6,0.0
1610001778,18.2,62.0,997.65,130.10423029501044,908.5971188600148,6,0.0
1610002360,18.2,63.0,997.8,129.85132622719198,879.0368526763175,6,0.0
1610002961,18.2,80.0,997.89,129.09265096505695,430.77299262952675,6,0.0
1610003560,18.2,63.0,997.87,128.67118864930342,879.0368526763175,6,0.0
1610004180,18.1,63.0,998.12,127.65974885139795,878.3595803609768,6,0.0
1610004755,18.1,63.0,998.18,125.72143111693511,878.3595803609768,6,0.0
1610005358,18.1,63.0,998.31,125.38436929459341,878.3595803609768,6,0.0
1610005956,18.1,63.0,998.41,124.62602017588745,878.3595803609768,6,0.0
1610006555,18.1,63.0,998.49,124.12048484826546,878.3595803609768,6,0.0
1610007156,18.1,63.0,998.55,123.36222797741699,878.3595803609768,6,0.0
1610007754,18.1,63.0,998.47,122.85675414001142,878.3595803609768,6,0.0
1610008355,18.1,63.0,998.52,123.10948798462198,878.3595803609768,6,0.0
1610008955,18.1,63.0,998.37,124.03623135187996,878.3595803609768,6,0.0
1610009558,18.1,63.0,998.47,123.36222797741699,878.3595803609768,6,0.0
1610010157,18.1,63.0,998.37,124.37324943715001,878.3595803609768,6,0.0
1610010757,18.1,62.0,998.43,124.37324943715001,907.8974052338201,6,0.0
1610011355,18.1,62.0,998.44,124.03623135187996,907.8974052338201,6,0.0
1610011954,18.1,62.0,998.41,124.62602017588745,907.8974052338201,6,0.0
1610012558,18.1,62.0,998.37,124.28899389088572,907.8974052338201,6,0.0
1610013158,18.1,62.0,998.34,124.12048484826546,907.8974052338201,6,0.0
1610013758,18.1,62.0,998.41,124.5417625796361,907.8974052338201,6,0.0
1610014362,18.1,79.0,998.38,125.13158010427448,454.3516230120715,6,0.0
1610014958,18.1,62.0,998.23,125.72143111693511,907.8974052338201,6,0.0
1610015558,18.1,62.0,998.2,125.72143111693511,907.8974052338201,6,0.0
1610016160,18.1,62.0,998.07,126.81695757213797,907.8974052338201,6,0.0
1610016756,18.1,62.0,998.07,126.05850387552691,907.8974052338201,6,0.0
1610017380,18.1,62.0,997.91,128.75547974450302,907.8974052338201,6,0.0
1610017958,18.1,62.0,997.71,129.9356268989904,907.8974052338201,6,0.0
1610018557,18.1,62.0,997.69,130.86297944447634,907.8974052338201,6,0.0
1610019184,18.1,62.0,997.45,131.87473119695653,907.8974052338201,6,0.0
1610019760,18.1,62.0,997.44,131.62178401998622,907.8974052338201,6,0.0
1610020360,18.1,62.0,997.36,132.97090681459682,907.8974052338201,6,0.0
1610020981,18.1,62.0,997.27,133.3925436261089,907.8974052338201,6,0.0
1610021556,18.1,62.0,997.25,134.40454181046834,907.8974052338201,6,0.0
1610022156,18.1,62.0,997.22,134.15153302050203,907.8974052338201,6,0.0
1610022757,18.1,62.0,997.09,135.6696782141912,907.8974052338201,6,0.0
1610023359,18.1,62.0,997.04,137.60985338412033,907.8974052338201,6,0.0
1610023960,18.1,62.0,997.16,135.3322934386924,907.8974052338201,6,0.0
1610024559,18.1,79.0,997.1,135.3322934386924,454.3516230120715,6,0.0
1610025157,18.2,62.0,997.06,135.92272398805966,908.5971188600148,6,0.0
1610025757,18.3,62.0,996.91,136.09142459570955,909.2970941571012,6,0.0
1610026358,18.3,62.0,997.04,136.17577592708724,909.2970941571012,6,0.0
1610026958,18.3,62.0,996.91,136.09142459570955,909.2970941571012,6,0.0
1610027559,18.3,62.0,996.95,136.850611241162,909.2970941571012,6,0.0
1610028160,18.3,78.0,996.82,136.9349687384863,479.2744300042309,6,0.0
1610028779,18.3,62.0,996.92,136.850611241162,909.2970941571012,6,0.0
1610029359,18.4,61.0,996.98,136.34448064502698,940.0251682251943,6,0.0
1610029986,18.4,62.0,996.92,136.09142459570955,909.9973311162016,6,0.0
1610030557,18.3,62.0,997.04,136.42883403161358,909.2970941571012,6,0.0
1610031156,18.3,62.0,997.07,135.16360516058316,909.2970941571012,6,0.0
1610031757,18.3,62.0,997.21,135.07926204888938,909.2970941571012,6,0.0
1610032353,18.2,62.0,997.3,134.06719812670562,908.5971188600148,6,0.0
1610032955,18.2,62.0,997.24,134.40454181046834,908.5971188600148,6,0.0
1610033556,18.2,62.0,997.13,133.81419755374586,908.5971188600148,6,0.0
1610034183,18.2,62.0,997.19,134.82623682312337,908.5971188600148,6,0.0
1610034757,18.2,62.0,997.22,134.82623682312337,908.5971188600148,6,0.0
1610035359,18.2,62.0,997.3,134.40454181046834,908.5971188600148,6,0.0
1610035957,18.2,62.0,997.24,133.81419755374586,908.5971188600148,6,0.0
1610036557,18.2,62.0,997.22,133.8985303933423,908.5971188600148,6,0.0
1610037157,18.2,62.0,997.21,134.15153302050203,908.5971188600148,6,0.0
1610037762,18.2,79.0,997.22,134.5732177610597,454.7043589736604,6,0.0
1610038357,18.1,62.0,997.28,133.3925436261089,907.8974052338201,6,0.0
1610038958,18.1,62.0,997.37,133.3925436261089,907.8974052338201,6,0.0
1610039559,18.1,62.0,997.39,132.97090681459682,907.8974052338201,6,0.0
1610040157,18.2,62.0,997.47,132.7179329427816,908.5971188600148,6,0.0
1610040780,18.2,61.0,997.37,132.7179329427816,938.5794525974811,6,0.0
1610041380,18.2,62.0,997.45,132.46496523187326,908.5971188600148,6,0.0
1610041957,18.2,62.0,997.45,132.7179329427816,908.5971188600148,6,0.0
1610042966,23.8,29.0,999.01,119.65599079314389,2345.2011567716127,16,0.0
1610044951,24.3,29.0,999.63,114.77251535553069,2353.849036866399,16,0.0
1610045402,24.3,29.0,999.71,114.01494034018731,2353.849036866399,5,16.8
1610045611,24.3,28.0,999.75,113.59408919512494,2415.562176822417,16,0.0
1610045790,24.4,34.0,999.66,113.59408919512494,2072.397895307408,16,0.0
1610046198,24.3,28.0,999.7,113.76242760785902,2415.562176822417,16,0.0
1610046375,24.3,34.0,999.73,113.17325509343607,2070.867732570983,16,5.6
1610046542,24.4,28.0,999.63,114.01494034018731,2417.3371413717673,16,0.0
1610046863,24.3,28.0,999.68,112.92076281259888,2415.562176822417,16,0.0
1610047020,24.3,35.0,999.7,113.84659783685969,2018.7178746661837,16,0.0
1610047114,24.3,35.0,999.65,114.01494034018731,2018.7178746661837,16,0.0
1610047278,24.3,28.0,999.68,113.76242760785902,2415.562176822417,16,0.0
1610047487,24.3,28.0,999.68,113.59408919512494,2415.562176822417,16,0.0
1610047614,24.2,28.0,999.63,113.42575350933178,2413.787814274376,16,0.0
1610047816,24.3,28.0,999.71,112.92076281259888,2415.562176822417,16,0.0
1610099124,24.4,28.0,999.79,113.17325509343607,2417.3371413717673,16,0.0
1610099240,24.3,29.0,999.79,111.99501026631988,2353.849036866399,16,0.0
1610099326,24.4,29.0,999.84,112.4157966547712,2355.5803802601404,16,0.0
1610099544,24.2,28.0,999.82,111.99501026631988,2413.787814274376,16,0.0
1610099672,24.2,35.0,999.85,112.49995597709577,2017.2255112323423,16,0.0
1610100085,24.1,28.0,999.93,111.91085503318124,2412.0140537794446,16,0.0
1610100232,24.1,34.0,999.93,111.15348860041725,2067.808991537132,16,0.0
1610102045,24.4,28.0,999.96,111.23763770060874,2417.3371413717673,16,0.0
1610102183,23.2,24.0,999.43,115.95107516985411,2662.10318330227,16,0.0
1610102183,23.5,24.0,999.33,116.2878310988012,2667.9737117913332,4,0.0
1610102183,23.0,24.0,999.21,117.55076304231788,2658.192785034836,4,0.0
1610102183,23.2,24.0,999.3,116.96137569971745,2662.10318330227,4,0.0
1610106840,23.5,23.0,999.27,116.70879135799505,2740.734230987929,2,0.0
1610107001,23.4,23.0,999.17,116.79298545636394,2738.725726649915,10,0.0
1610108580,23.6,23.0,999.28,117.88757082018789,2742.7434072225674,3,0.0
1610109178,23.7,24.0,999.19,118.2243895158913,2671.890684109297,4,0.0
1610109775,23.7,25.0,999.11,118.3928029581803,2601.661968761806,4,0.0
1610110392,23.8,24.0,999.08,117.88757082018789,2673.8501560773284,4,0.0
1610110978,23.8,25.0,999.27,116.79298545636394,2603.5721182201128,3,0.0
1610111556,23.8,26.0,999.31,116.96137569971745,2535.733730303515,3,0.0
1610112156,23.7,25.0,999.28,116.2878310988012,2601.661968761806,4,0.0
1610112754,23.1,25.0,999.24,117.21396618149873,2590.2145765205914,4,0.0
1610113356,22.9,23.0,999.22,116.79298545636394,2728.6932857194297,4,0.0
1610113956,22.2,31.0,999.25,116.70879135799505,2201.3826333934257,3,0.0
1610114559,22.4,22.0,999.42,116.20364109339805,2793.7085147365756,4,0.0
1610115152,22.0,22.0,999.5,115.02505263454034,2785.4973897119094,4,0.0
1610115215,22.2,22.0,999.71,113.59408919512494,2789.6015766699356,6,0.0
1610119558,21.875,25.0,1004.44,74.36151883750054,2566.9147436990575,8,0.0
1610700816,21.5,25.0,1004.65,72.85230144176207,2559.801458687977,8,0.0
1610701356,22.375,26.0,1004.82,73.27150652992387,2509.2535509341274,0,0.0
1610701959,22.375,26.0,1004.99,70.00215481296287,2509.2535509341274,0,0.0
1610702579,21.187,27.0,1005.65,63.29900631672834,2422.905583433661,4,0.0
1610705596,21.062,26.0,1005.76,63.382769021012244,2484.967833873028,4,0.0
1610706159,21.125,27.0,1005.9,62.21015252738666,2421.789453356798,4,0.0
1610707381,20.562,25.0,1006.42,58.107035280795245,2542.048443946664,16,0.0
1610707391,20.75,25.0,1006.4,57.68844081454935,2545.602072845703,12,0.0
1610707583,20.562,23.0,1006.39,58.27447778277716,2682.0047675985957,16,0.0
1610711607,21.062,23.0,1006.46,58.19075619495554,2691.9585464880047,16,0.0
1610712136,21.437,23.0,1006.48,57.855876580188756,2699.43493085033,16,0.0
1610712751,21.687,22.0,1006.38,58.60937087095736,2779.0798602324285,16,0.0
1610713911,21.5,23.0,1006.44,57.68844081454935,2700.6918924148545,16,0.0
1610714221,21.187,23.0,1006.46,58.107035280795245,2694.4496224247396,16,0.0
1610714549,20.875,23.0,1006.41,56.85130239992873,2688.233861684432,16,0.0
1610714937,20.5,24.0,1006.42,57.60472394212074,2609.534918012773,12,14.4
1610715162,21.375,23.0,1006.55,55.67942175984452,2698.198181944799,12,13.2
1610715748,21.25,24.0,1006.66,55.344622960118436,2624.089062947187,0,2.3
1610716648,22.312,26.0,1006.96,53.41973888290714,2508.0857993264103,6,11.7
1610718143,22.437,27.0,1007.11,52.582943811832806,2445.458775997857,6,0.0
1610718750,22.5,27.0,1007.13,51.49521080924488,2446.5980065431745,6,0.0
1610719345,21.375,25.0,989.48,201.67013775326976,2557.4323769364237,0,0.0
1611143566,22.5,26.0,989.03,204.30192707083674,2511.5712584800194,4,0.0
1611144148,21.375,25.0,989.49,200.22718194675826,2557.4323769364237,9,21.0
1611144750,17.125,27.0,989.12,203.36798989507642,2350.2828598422157,15,0.3
1611144745,15.437000000000001,28.0,988.91,215.3457423712115,2260.6442146301997,15,0.3
1611145450,11.937,31.0,988.58,207.95357965542826,2036.5090959704503,3,2.1
1611145948,11.687,45.0,988.46,209.65246096453822,1415.7194185117946,6,0.4
1611146549,10.875,49.0,988.02,212.7961253753773,1262.9170633759775,6,2.8
1611147150,10.625,51.0,987.97,213.05105886290875,1192.5108899688555,6,5.9
1611147751,10.375,52.0,987.86,214.41081000489177,1157.1405650799845,5,2.7
1611148351,17.312,41.0,987.6,216.19575405342752,1642.107786929647,2,0.0
1611149302,19.937,32.0,987.29,216.96082415749686,2109.754631503369,2,0.0
1611149547,20.375,30.0,987.34,219.25637328741433,2228.1492546510617,2,0.0
1611150150,20.5,28.0,987.23,219.4264341859136,2348.560080790997,2,0.0
1611150750,20.75,27.0,987.0,221.9776824966385,2415.043722263749,2,0.0
1611151350,21.625,26.0,987.17,222.91329755375057,2495.3679768081984,16,0.0
1611151934,21.5,27.0,986.98,221.04215187737557,2428.543860415504,2,0.0
1611152551,21.312,27.0,986.83,223.42366863505015,2425.1565667016407,2,0.0
1611153151,21.375,28.0,986.92,222.31789638320544,2363.911008855739,2,0.0
1611153749,21.312,28.0,986.85,222.5730641258721,2362.8041979387995,12,0.0
1611154350,21.25,27.0,986.71,224.61463222334936,2424.0399585221894,12,0.0
1611154952,21.187,28.0,986.73,224.35941422053705,2360.608853717932,12,0.0
1611155549,21.187,27.0,986.85,223.33860504311102,2422.905583433661,10,0.0
1611156147,21.125,26.0,986.68,223.42366863505015,2486.1306223872652,10,0.0
1611156747,21.187,26.0,986.7,224.44448618993243,2487.2751982882673,10,0.0
1611157346,21.125,27.0,986.76,224.44448618993243,2421.789453356798,10,0.0
1611157522,21.0,26.0,986.64,225.2952442872522,2483.823746680463,10,0.0
1611157945,18.125,48.0,986.28,229.03940970743898,1372.976086508998,16,0.0
1611161831,16.312,50.0,987.86,214.49580037264386,1281.7944349832205,0,0.0
1611162151,13.375,47.0,984.41,243.43299743546928,1359.8282101342993,0,0.0
1611162750,12.0,50.0,982.46,259.6390505843967,1239.5107675288925,0,0.0
1611163348,11.125,51.0,981.23,270.91293878918543,1197.2235972885483,10,0.0
1611163948,10.625,50.0,980.45,277.23852226357764,1226.1705164581206,9,0.0
1611164548,10.312,50.0,980.06,281.08705138416565,1223.1434657492198,8,0.0
1611165146,10.062,49.0,979.73,284.0813412563416,1254.8394114704975,8,0.0
1611165751,9.875,49.0,979.32,286.5629805942804,1252.98496536338,8,0.0
1611166355,9.687,48.0,979.15,288.70280248695843,1285.7536289161656,8,0.0
1611166956,9.437,77.0,979.02,290.07252069401153,469.7483444857837,8,0.0
1611167550,9.312,48.0,978.7,292.0418082412509,1281.9408916442765,8,0.0
1611168148,9.125,48.0,978.58,292.64123100654797,1280.0416318113282,8,0.0
1611168752,9.0,48.0,978.52,293.5832512150222,1278.7728247148787,8,0.0
1611169352,8.937,47.0,978.31,295.81018535109405,1313.2050427422091,8,0.0
1611169950,8.75,47.0,978.12,298.38032034761954,1311.2575974655242,8,0.0
1611170549,8.625,47.0,978.03,297.951920184796,1309.956599754397,4,0.0
1611171148,8.5,47.0,977.87,299.9227077984397,1308.6562194961532,8,0.0
1611171747,8.375,47.0,977.61,301.2939118938556,1307.356456731536,8,0.0
1611172349,8.25,47.0,977.48,303.26533617630935,1306.0573115012908,8,0.0
1611172946,8.25,47.0,977.52,303.17961426621605,1306.0573115012908,8,0.0
1611173548,8.062,46.0,977.34,304.20832406233797,1339.600735547466,8,0.0
1611174148,8.0,47.0,977.15,305.4943551515383,1303.4608738069205,0,0.0
1611174746,7.875,47.0,976.98,307.0378034884655,1302.1635814243061,0,0.0
1611175348,7.812,47.0,976.76,309.0960928417647,1301.5099801731678,0,0.0
1611175947,7.625,47.0,976.59,311.2405797895628,1299.5708497920214,10,0.0
1611176549,7.5,47.0,976.37,312.8706872273185,1298.2754106238829,8,0.0
1611177149,7.562,47.0,976.3,313.6429330454509,1298.9178712313017,8,0.0
1611177749,7.625,47.0,976.24,313.38551136721895,1299.5708497920214,15,0.0
1611178348,7.687,46.0,976.28,313.4713178815416,1335.6062846234695,8,0.0
1611178948,7.625,46.0,976.05,315.2734191170325,1334.9464175364797,0,0.0
1611179548,7.562,46.0,976.11,315.7883628532263,1334.2760669574484,0,0.0
1611180150,7.5,46.0,974.48,328.412499377338,1333.6165138624451,8,0.0
1611198151,7.562,44.0,974.53,328.1547098458201,1407.084353505941,2,0.0
1611198749,7.562,44.0,974.56,327.63915006076945,1407.084353505941,8,0.0
1611199348,7.625,44.0,974.66,328.06878143002126,1407.790408647573,6,0.0
1611199949,7.687,44.0,974.59,327.98285372822625,1408.4854212873092,8,0.0
1611200546,7.625,44.0,974.56,328.06878143002126,1407.790408647573,8,0.0
1611201147,7.75,44.0,974.67,326.6940238721878,1409.1918111817224,8,0.0
1611201749,7.625,44.0,974.79,326.0926249037102,1407.790408647573,8,0.0
1611202348,7.562,44.0,974.74,326.9517769937923,1407.084353505941,8,0.0
1611202952,7.5,44.0,974.63,327.63915006076945,1406.3896703172254,8,0.0
1611203551,7.437,44.0,974.55,327.38137980651817,1405.6839499523069,0,0.0
1611204149,7.5,44.0,974.8,326.26444961174536,1406.3896703172254,0,0.0
1611204747,7.625,44.0,974.94,324.804030582167,1407.790408647573,12,0.0
1611205347,7.812,44.0,975.03,322.6567301054014,1409.8871532489281,8,0.0
1611205947,8.062,44.0,975.33,320.8533421720299,1412.692609523007,3,0.0
1611206548,8.312,43.0,975.64,319.13612213996396,1453.2300252682007,8,0.0
1611207150,8.437,42.0,975.78,317.33334788834765,1493.2236353698727,8,0.0
1611207749,8.75,42.0,976.11,314.50105157373116,1496.9296464175527,9,0.0
1611208349,8.937,42.0,976.31,312.098499053507,1499.1458627534785,8,0.0
1611208949,9.125,41.0,976.46,311.3263685144044,1540.958896123601,8,0.0
1611209548,9.25,41.0,976.58,310.5542956004037,1542.4803257460972,8,0.0
1611210151,9.25,41.0,976.7,309.61072917001445,1542.4803257460972,8,0.0
1611210750,9.375,40.0,976.88,307.4665800031572,1584.52829973438,8,0.0
1611211349,9.437,41.0,976.81,308.06689697886594,1544.7577137245862,8,0.0
1611211948,9.437,40.0,977.03,306.35179802390917,1585.302837477868,9,0.0
1611212550,9.5,40.0,977.16,305.75158055213325,1586.090051355125,8,0.0
1611213149,9.562,40.0,977.28,305.2371361456665,1586.8649504422658,11,0.0
1611213748,9.625,40.0,977.37,303.3510587965873,1587.6525314767362,8,0.0
1611214350,9.687,40.0,977.48,303.17961426621605,1588.4277918788666,10,1.4
1611214950,9.75,40.0,977.37,303.17961426621605,1589.2157400414264,16,0.0
1611215548,9.812,40.0,977.44,302.7510153680271,1589.991361729887,8,0.0
1611216148,9.937,40.0,977.59,302.2367201234984,1591.5556599375504,8,0.0
1611216750,10.0,40.0,977.69,301.5510328917256,1592.3443422689313,8,0.0
1611217346,10.125,40.0,977.82,300.52258723238594,1593.9097358162035,8,1.6
1611217948,10.25,39.0,977.99,298.63736895842055,1637.1877480518463,8,0.0
1611218549,10.562,39.0,978.32,295.2105790190129,1641.1994139844946,10,1.3
1611219150,11.0,39.0,978.75,292.29869946104935,1646.8390057283373,8,0.0
1611219747,11.187,38.0,979.05,289.8156847226359,1692.2251331736165,16,0.0
1611220348,11.187,38.0,979.21,287.4188562679509,1692.2251331736165,8,0.0
1611220947,11.062,38.0,979.19,287.50444772776564,1690.5728166992913,8,0.0
1611221547,10.875,38.0,979.08,288.8740073503974,1688.1023735043311,7,0.0
1611222149,10.875,38.0,979.15,288.1892048870929,1688.1023735043311,8,0.0
1611222748,11.0,38.0,979.33,286.734150067585,1689.7535503468878,8,0.0
1611223350,11.0,38.0,979.31,286.734150067585,1689.7535503468878,8,0.0
1611223947,11.125,38.0,979.41,286.39181395147745,1691.4054889911602,8,0.0
1611224548,11.125,38.0,979.66,284.509167664007,1691.4054889911602,8,0.1
1611225147,11.125,38.0,979.59,284.0813412563416,1691.4054889911602,8,0.0
1611225750,11.312,38.0,979.88,282.54131257717006,1693.8782113545105,8,0.0
1611226346,11.375,38.0,979.86,282.3702124211141,1694.7116514304466,9,0.0
1611226945,11.5,38.0,980.11,279.376417370433,1696.3658750982768,8,0.0
1611227547,11.5,37.0,980.12,280.402763858606,1740.4592618774914,8,0.0
1611228148,11.875,37.0,980.5,277.75157682797555,1745.5518270755542,9,0.0
1611228746,12.437,38.0,980.89,273.64785200770723,1708.79018128775,8,0.0
1611229349,12.875,38.0,981.25,270.2293233395006,1714.6125835864086,7,0.0
1611229948,12.875,37.0,981.35,269.3748674887807,1759.1662613986482,8,0.0
1611230547,12.75,38.0,981.1,272.02391016305063,1712.9499863931937,8,0.0
1611231149,12.687,37.0,981.06,272.109374436998,1756.6029450932567,7,0.0
1611231751,12.75,38.0,981.09,272.109374436998,1712.9499863931937,8,0.0
1611232349,12.687,38.0,980.99,272.109374436998,1712.1123257955392,7,0.3
1611232953,12.687,38.0,980.94,273.04952801108715,1712.1123257955392,8,0.0
1611233549,12.625,37.0,980.93,273.9042871622666,1755.7579821369548,8,0.0
1611234151,12.625,38.0,980.87,274.417176525491,1711.288150111899,8,0.0
1611234750,12.562,37.0,980.81,273.9897669584923,1754.8995868921174,9,0.0
1611235349,12.625,37.0,980.85,273.4768987663045,1755.7579821369548,8,0.0
1611235949,12.5,38.0,980.81,274.50266055615936,1709.6270748060356,8,0.0
1611236548,12.562,37.0,980.89,273.9042871622666,1754.8995868921174,4,0.0
1611237147,12.562,38.0,980.87,274.50266055615936,1710.450873037923,8,0.0
1611237747,12.562,37.0,980.83,275.0155795621257,1754.8995868921174,8,0.0
1611238347,12.5,37.0,980.62,275.6140171861,1754.0550100096807,8,0.0
1611238949,12.375,37.0,980.48,277.4095376267586,1752.3528163069957,8,0.0
1611239548,12.312,37.0,980.36,278.3501726224335,1751.495205731078,8,0.0
1611240148,12.312,37.0,980.32,278.77776223795786,1751.495205731078,8,0.0
1611240749,12.25,38.0,980.23,279.5474680525669,1706.30720737468,8,0.0
1611241347,12.125,38.0,980.15,280.31723109813004,1704.6484153762453,8,0.0
1611241951,12.062,38.0,980.02,281.0015129698424,1703.8126727171398,8,0.0
1611242548,11.937,38.0,979.84,283.0546300140406,1702.1550256320247,8,0.3
1611243148,11.812,38.0,979.69,284.6803031781674,1700.4981398720308,8,0.0
1611243749,11.75,38.0,979.32,286.1350692942347,1699.676607012403,8,0.0
1611244351,11.625,39.0,979.34,286.64856497711264,1654.9021993464235,14,0.0
1611244949,11.625,39.0,979.23,287.3332655158945,1654.9021993464235,8,0.0
1611245552,11.5,39.0,982.58,258.5294069704068,1653.2880716531015,8,0.0
1611246153,11.437,79.0,984.95,239.17245664042431,431.15284157683993,8,0.0
1611246749,11.437,74.0,984.65,241.8990009252302,548.5963696736752,1,0.0
1611247350,11.5,68.0,984.26,245.05246240163873,699.481302985848,9,0.0
1611247951,11.25,65.0,982.39,266.5556633119099,777.6885261170438,10,0.0
1611248551,11.375,74.0,981.53,267.7515955906113,548.3258061438738,9,0.0
1611249149,11.437,73.0,981.5,267.837024610069,572.9205089983848,14,0.0
1611249751,11.437,69.0,981.38,269.8020866007618,673.2497692258718,8,0.0
1611250352,11.5,67.0,981.23,270.5711254228441,725.7138831641523,8,0.0
1611250951,11.562,65.0,980.9,273.7333296868888,779.6141697564506,8,0.0
1611251546,11.625,63.0,980.88,273.9042871622666,835.0465236348159,8,0.0
1611252147,11.187,62.0,977.08,306.60904474283006,860.161014463487,9,0.0
1611291750,11.312,48.0,977.03,306.9520503178696,1302.3380942328092,8,0.0
1611292350,11.312,49.0,976.86,308.49571614599813,1267.2691854660304,11,0.1
1611292948,11.25,49.0,976.76,308.83878427737017,1266.651285311017,8,0.0
1611293550,11.187,49.0,976.67,310.125391099929,1266.0235669004987,7,0.0
1611294143,20.687,41.0,976.68,310.7258623796141,1684.6908079504265,4,0.0
1611294197,20.75,41.0,976.73,309.43918088277724,1685.4905943789747,4,0.0
1611294254,20.937,40.0,976.79,309.7822803018832,1732.0593754598533,10,0.0
